186 2
0 0 0 60 0
0 0 100 0 0
0 60 100 0 1
0 60 0 100 0
0 60 80 70 1
80 70 100 0 1
80 70 0 100 1
80 70 150 60 1
145 115 150 60 1
100 0 150 60 1
100 0 150 0 0
150 0 150 60 0
0 100 0 150 0
0 100 90 130 0
90 130 80 70 1
90 130 150 60 1
90 130 145 115 1
145 115 200 100 1
150 60 200 100 1
200 100 250 50 0
200 100 150 60 1
150 60 250 50 1
150 0 250 50 1
150 150 145 115 1
150 150 200 100 0
200 100 250 50 0
150 0 230 0 0
230 0 300 0 0
230 0 250 50 1
0 150 90 130 1
0 150 50 190 1
0 150 0 200 0
0 200 50 190 1
50 190 90 130 1
90 130 130 200 1
50 190 130 200 1
130 200 170 180 1
170 180 150 150 0
90 130 170 180 1
90 130 150 150 0
0 200 0 300 0
0 200 50 240 1
0 300 50 240 1
50 190 50 240 1
50 240 110 240 1
50 190 110 240 1
110 240 130 200 1
50 240 110 260 1
0 300 110 260 1
0 300 100 350 1
110 260 100 350 1
0 300 0 350 0
0 350 100 350 0
110 260 130 260 0
130 260 130 240 0
130 240 110 240 0
110 240 110 260 0
100 350 150 300 1
110 260 150 300 1
110 260 150 300 1
130 260 150 300 1
100 350 200 350 0
150 300 200 350 1
130 200 130 240 1
130 240 200 260 1
130 260 200 260 1
150 300 200 260 1
130 200 200 260 1
170 180 200 260 1
200 260 270 230 1
170 180 270 230 0
150 300 275 300 1
200 260 275 300 1
200 350 275 300 1
270 230 275 300 1
300 250 340 225 1
270 230 300 250 0
275 300 300 250 0
200 350 250 350 0
250 350 275 300 2
250 350 350 350 0
300 250 350 350 1
350 350 275 300 1
350 350 370 300 1
300 250 370 300 1
370 250 300 250 1
380 200 370 250 1
370 250 370 300 1
300 250 380 200 0
370 300 450 350 1
350 350 450 350 0
370 250 450 350 1
450 350 480 300 1
370 250 480 300 1
370 250 450 240 1
450 240 480 300 1
480 300 500 350 1
450 350 500 350 0
500 350 600 300 1
480 300 600 300 1
480 300 525 250 1
450 240 525 250 1
450 240 450 200 1
370 250 450 200 1
380 200 450 200 1
450 200 525 250 0
525 250 600 300 0
500 350 600 350 0
600 350 600 300 0
380 200 380 150 0
380 200 475 150 1
380 150 475 150 1
380 150 380 100 0
380 100 475 150 1
380 100 500 100 1
475 150 500 100 0
380 100 450 50 1
450 50 500 100 2
380 50 450 50 1
380 50 400 0 1
400 0 450 50 0
300 0 400 0 0
300 0 380 50 1
250 50 300 0 2
300 0 300 75 1
300 75 380 50 1
250 50 300 75 0
350 100 380 50 1
350 100 380 150 1
340 225 380 200 0
340 225 380 150 1
340 225 320 140 1
340 225 290 150 1
340 225 270 230 1
270 230 290 150 1
270 230 240 160 1
240 160 290 150 1
240 160 300 75 1
240 160 220 80 1
240 160 200 100 1
290 150 300 75 1
290 150 320 140 1
320 140 300 75 1
320 140 350 100 1
320 140 380 150 1
220 80 300 75 1
220 80 250 50 0
220 80 200 100 0
170 180 240 160 1
170 180 200 100 1
400 0 500 0 0
450 50 500 0 1
450 50 530 50 1
530 50 500 100 1
530 50 500 0 1
530 50 600 50 1
530 50 600 100 1
500 0 600 50 1
500 0 600 0 0
600 0 600 50 0
600 50 600 100 0
500 100 600 100 1
475 150 600 100 1
475 150 600 160 1
475 150 550 200 1
475 150 480 220 1
475 150 450 200 0
600 100 600 160 0
550 200 600 160 1
480 220 550 200 1
550 200 600 240 1
480 220 600 240 1
600 160 600 240 0
600 240 600 300 0
480 220 600 300 0
480 220 450 200 0
0 0 0 50 3
0 0 50 0 3
0 300 0 350 3
0 350 50 350 3
550 0 600 0 3
600 0 600 50 3
600 300 600 350 3
600 350 550 350 3
380 50 380 150 3
300 75 350 100 3